312
321
482
499
500
501
502
503
504
505
506
507
508
509
510
511
512
513
514
515
516
517
518
519
520
521
522
523
524
525
526
527
528
529
530
531
694
1190
1266
1328
1341
1418
1513
1737
1881
3036
3095
3178
3687
3737
3922
3956
4180
4345
4547
5178
5183
5191
5238
5364
5513
5583
6234
6379
6401
6432
6591
6635
6733
6981
7041
7123
7320
7419
7935
8075
8174
8370
8427
8766
8781
8916
8985
9052
9202
9206
9285
9677
9802
9890
10028
10155
10232
10375
10720
11004
11082
11200
11331
11417
11513
11751
12048
12070
12369
12740
13018
13079
13365
14261
14339
14407
14707
15239
15312
15450
15494
15542
15655
15719
15840
16060
16341
16380
16465
16615
16675
16872
16886
17255
17418
17441
17495
17501
17550
17876
17963
18147
18166
18746
18876
18897
19126
19166
19169
19175
19219
19273
19838
19893
20395
20559
20702
20822
21033
21305
21517
21574
21617
21621
21646
21791
21845
21986
22016
22019
22028
22029
22030
22031
22032
22033
22034
22035
22226
22313
22916
22994
23011
23190
23402
23586
23603
23719
23867
23938
24409
25161
25207
25217
25275
25468
25472
25551
25562
25597
25672
25695
26075
26143
26604
27212
27516
27632
27637
27751
28023
28143
28169
28220
28247
28248
28249
28250
28251
28252
28460
28540
28724
28832
28877
28880
28881
28882
28915
28974
29271
29352
29401
29526
